concat: true
connectivity_input: 10
connectivity_inter: 10
connectivity_recurrent: 10
input_scaling: 0.44999999999999996
inter_scaling: 0.44999999999999996
layers: 2
leaky: 0.7999999999999999
radius: 0.9899999999999999
return_sequences: false
units: 500
validation_loss: 0.04204520955681801
