concat: false
connectivity_input: 10
connectivity_inter: 10
connectivity_recurrent: 10
input_scaling: 0.7999999999999999
inter_scaling: 1.0
layers: 4
leaky: 0.8999999999999999
radius: 0.9899999999999999
return_sequences: false
units: 475
validation_loss: 0.003518565557897091
