concat: true
connectivity_input: 10
connectivity_inter: 10
connectivity_recurrent: 10
input_scaling: 0.5499999999999999
inter_scaling: 0.9999999999999999
layers: 2
leaky: 0.6
radius: 0.9899999999999999
return_sequences: false
units: 700
validation_loss: 0.0302515160292387
