concat: false
connectivity_input: 10
connectivity_inter: 10
connectivity_recurrent: 10
input_scaling: 0.30000000000000004
inter_scaling: 1
layers: 1
leaky: 0.8999999999999999
radius: 0.5
return_sequences: false
units: 475
validation_loss: 0.001062279101461172
