concat: true
connectivity_input: 10
connectivity_inter: 10
connectivity_recurrent: 10
input_scaling: 0.5499999999999999
inter_scaling: 0.7499999999999999
layers: 2
leaky: 0.8999999999999999
radius: 0.9899999999999999
return_sequences: false
units: 350
validation_loss: 0.37992963194847107
