concat: true
connectivity_input: 10
connectivity_inter: 10
connectivity_recurrent: 10
input_scaling: 0.7999999999999999
inter_scaling: 0.25
layers: 2
leaky: 0.7999999999999999
radius: 0.9899999999999999
return_sequences: false
units: 675
validation_loss: 0.013777096755802631
