concat: false
connectivity_input: 10
connectivity_inter: 10
connectivity_recurrent: 10
input_scaling: 0.35
inter_scaling: 1
layers: 1
leaky: 0.9999999999999999
radius: 0.6499999999999999
return_sequences: false
units: 500
validation_loss: 0.0027249541599303484
