concat: false
connectivity_input: 10
connectivity_inter: 10
connectivity_recurrent: 10
input_scaling: 1.0
inter_scaling: 1
layers: 1
leaky: 0.8999999999999999
radius: 0.44999999999999996
return_sequences: false
units: 725
validation_loss: 4.677129618357867e-05
