concat: false
connectivity_input: 10
connectivity_inter: 10
connectivity_recurrent: 10
input_scaling: 1.0
inter_scaling: 1
layers: 1
leaky: 0.9999999999999999
radius: 0.15000000000000002
return_sequences: false
units: 300
validation_loss: 1.8459146303939633e-05
