concat: true
connectivity_input: 10
connectivity_inter: 10
connectivity_recurrent: 10
input_scaling: 0.44999999999999996
inter_scaling: 0.6499999999999999
layers: 6
leaky: 0.9999999999999999
radius: 0.6
return_sequences: false
units: 650
validation_loss: 0.17084486782550812
