concat: true
connectivity_input: 10
connectivity_inter: 10
connectivity_recurrent: 10
input_scaling: 0.5499999999999999
inter_scaling: 0.8999999999999999
layers: 6
leaky: 0.7999999999999999
radius: 0.9899999999999999
return_sequences: false
units: 500
validation_loss: 0.03522530198097229
