concat: true
connectivity_input: 10
connectivity_inter: 10
connectivity_recurrent: 10
input_scaling: 0.6
inter_scaling: 0.35
layers: 3
leaky: 0.8999999999999999
radius: 0.6499999999999999
return_sequences: false
units: 725
validation_loss: 0.016301006078720093
