concat: false
connectivity_input: 10
connectivity_inter: 10
connectivity_recurrent: 10
input_scaling: 0.1
inter_scaling: 1
layers: 1
leaky: 0.6499999999999999
radius: 0.6499999999999999
return_sequences: false
units: 700
validation_loss: 0.04571053013205528
