concat: true
connectivity_input: 10
connectivity_inter: 10
connectivity_recurrent: 10
input_scaling: 0.44999999999999996
inter_scaling: 0.6
layers: 4
leaky: 0.8999999999999999
radius: 0.8899999999999999
return_sequences: false
units: 475
validation_loss: 0.2660166025161743
