concat: true
connectivity_input: 10
connectivity_inter: 10
connectivity_recurrent: 10
input_scaling: 0.6
inter_scaling: 0.2
layers: 2
leaky: 0.8999999999999999
radius: 0.9899999999999999
return_sequences: false
units: 450
validation_loss: 0.00134296587202698
