concat: true
connectivity_input: 10
connectivity_inter: 10
connectivity_recurrent: 10
input_scaling: 0.5499999999999999
inter_scaling: 1.0
layers: 3
leaky: 0.9999999999999999
radius: 0.9899999999999999
return_sequences: false
units: 675
validation_loss: 0.44756338000297546
