concat: true
connectivity_input: 10
connectivity_inter: 10
connectivity_recurrent: 10
input_scaling: 0.35
inter_scaling: 1.0
layers: 4
leaky: 0.9999999999999999
radius: 0.44999999999999996
return_sequences: false
units: 675
validation_loss: 0.13906894624233246
