concat: true
connectivity_input: 10
connectivity_inter: 10
connectivity_recurrent: 10
input_scaling: 0.30000000000000004
inter_scaling: 0.5499999999999999
layers: 2
leaky: 0.9999999999999999
radius: 0.35
return_sequences: false
units: 525
validation_loss: 0.0060668266378343105
