concat: false
connectivity_input: 10
connectivity_inter: 10
connectivity_recurrent: 10
input_scaling: 0.5499999999999999
inter_scaling: 1
layers: 1
leaky: 0.9999999999999999
radius: 0.5
return_sequences: false
units: 725
validation_loss: 0.0015852057840675116
