concat: false
connectivity_input: 10
connectivity_inter: 10
connectivity_recurrent: 10
input_scaling: 1.0
inter_scaling: 1
layers: 1
leaky: 0.7999999999999999
radius: 0.9899999999999999
return_sequences: false
units: 500
validation_loss: 0.017282072454690933
