concat: false
connectivity_input: 10
connectivity_inter: 10
connectivity_recurrent: 10
input_scaling: 0.44999999999999996
inter_scaling: 1
layers: 1
leaky: 0.8999999999999999
radius: 0.9899999999999999
return_sequences: false
units: 675
validation_loss: 0.0028607272543013096
