concat: true
connectivity_input: 10
connectivity_inter: 10
connectivity_recurrent: 10
input_scaling: 0.1
inter_scaling: 1.0
layers: 2
leaky: 0.6499999999999999
radius: 0.44999999999999996
return_sequences: false
units: 350
validation_loss: 0.016384271904826164
