connectivity_input: 10
connectivity_recurrent: 10
input_scaling: 0.7
leaky: 0.5499999999999999
radius: 0.7000000000000001
return_sequences: false
units: 350
